[[0.00000000e+00 1.00000000e+00 1.00000000e+00 4.50663258e+12
  3.25660536e+10]
 [1.00000000e+00 2.00000000e+00 4.24934396e-10 2.84814326e+12
  1.77083906e+10]
 [2.00000000e+00 3.00000000e+00 1.00000000e+00 1.40210072e+12
  1.02967124e+10]
 [3.00000000e+00 4.00000000e+00 1.00000000e+00 6.61705817e+11
  1.03710925e+10]
 [4.00000000e+00 5.00000000e+00 1.00000000e+00 4.79727213e+11
  9.90624278e+09]
 [5.00000000e+00 6.00000000e+00 1.00000000e+00 3.87067064e+11
  4.45623061e+09]
 [6.00000000e+00 7.00000000e+00 1.00000000e+00 3.09158074e+11
  3.36591340e+09]
 [7.00000000e+00 8.00000000e+00 1.00000000e+00 2.38322531e+11
  3.52993208e+09]
 [8.00000000e+00 9.00000000e+00 1.00000000e+00 1.68660776e+11
  4.70282083e+09]
 [9.00000000e+00 1.00000000e+01 1.00000000e+00 1.33331333e+11
  4.38925071e+09]
 [1.00000000e+01 1.10000000e+01 1.00000000e+00 1.16447773e+11
  2.06967992e+09]
 [1.10000000e+01 1.20000000e+01 1.00000000e+00 9.93130922e+10
  1.79550035e+09]
 [1.20000000e+01 1.30000000e+01 1.00000000e+00 7.94202188e+10
  1.97119299e+09]
 [1.30000000e+01 1.40000000e+01 1.00000000e+00 5.93218775e+10
  1.93938204e+09]
 [1.40000000e+01 1.60000000e+01 7.86045378e-01 5.10605621e+10
  2.49362714e+09]
 [1.50000000e+01 1.70000000e+01 1.00000000e+00 4.25309821e+10
  1.01815789e+09]
 [1.60000000e+01 1.80000000e+01 1.00000000e+00 3.88509883e+10
  8.98647653e+08]
 [1.70000000e+01 1.90000000e+01 1.00000000e+00 3.41774978e+10
  1.02294751e+09]
 [1.80000000e+01 2.00000000e+01 1.00000000e+00 3.06453830e+10
  1.51066859e+09]
 [1.90000000e+01 2.10000000e+01 1.00000000e+00 2.62016744e+10
  7.44595977e+08]
 [2.00000000e+01 2.20000000e+01 1.00000000e+00 2.41264946e+10
  6.75432498e+08]
 [2.10000000e+01 2.30000000e+01 1.00000000e+00 2.16224203e+10
  7.19393100e+08]
 [2.20000000e+01 2.40000000e+01 1.00000000e+00 2.08752715e+10
  1.51678762e+09]
 [2.30000000e+01 2.50000000e+01 1.00000000e+00 1.76784372e+10
  5.29312236e+08]
 [2.40000000e+01 2.60000000e+01 1.00000000e+00 1.65440057e+10
  4.68762536e+08]
 [2.50000000e+01 2.70000000e+01 1.00000000e+00 1.52412544e+10
  5.14926572e+08]
 [2.60000000e+01 2.80000000e+01 1.00000000e+00 1.44167350e+10
  1.01136978e+09]
 [2.70000000e+01 2.90000000e+01 1.00000000e+00 1.25201005e+10
  3.83392082e+08]
 [2.80000000e+01 3.00000000e+01 1.00000000e+00 1.19481688e+10
  3.72893520e+08]
 [2.90000000e+01 3.10000000e+01 1.00000000e+00 1.12995815e+10
  3.94513114e+08]
 [3.00000000e+01 3.20000000e+01 1.00000000e+00 1.05550852e+10
  5.87660923e+08]
 [3.10000000e+01 3.30000000e+01 1.00000000e+00 9.96761192e+09
  5.42686987e+08]
 [3.20000000e+01 3.40000000e+01 1.00000000e+00 9.30150439e+09
  2.89974470e+08]
 [3.30000000e+01 3.50000000e+01 1.00000000e+00 8.87458742e+09
  2.72765943e+08]
 [3.40000000e+01 3.60000000e+01 1.00000000e+00 8.55698601e+09
  3.41500465e+08]
 [3.50000000e+01 3.70000000e+01 1.00000000e+00 8.14905964e+09
  3.75105841e+08]
 [3.60000000e+01 3.80000000e+01 1.00000000e+00 7.63087059e+09
  2.71442607e+08]
 [3.70000000e+01 3.90000000e+01 1.00000000e+00 7.26924197e+09
  3.04456138e+08]
 [3.80000000e+01 4.00000000e+01 1.00000000e+00 7.05441064e+09
  3.68286807e+08]
 [3.90000000e+01 4.10000000e+01 1.00000000e+00 6.61473058e+09
  2.56394501e+08]
 [4.00000000e+01 4.20000000e+01 1.00000000e+00 6.33144969e+09
  2.91752266e+08]
 [4.10000000e+01 4.30000000e+01 1.00000000e+00 6.14554662e+09
  3.28408223e+08]
 [4.20000000e+01 4.40000000e+01 1.00000000e+00 5.84475466e+09
  2.42004202e+08]
 [4.30000000e+01 4.50000000e+01 1.00000000e+00 5.56000743e+09
  2.10241168e+08]
 [4.40000000e+01 4.60000000e+01 1.00000000e+00 5.49243744e+09
  3.56385900e+08]
 [4.50000000e+01 4.70000000e+01 1.00000000e+00 5.15867389e+09
  2.28759107e+08]
 [4.60000000e+01 4.80000000e+01 1.00000000e+00 4.96336146e+09
  1.94832353e+08]
 [4.70000000e+01 4.90000000e+01 1.00000000e+00 4.85039075e+09
  2.55621090e+08]
 [4.80000000e+01 5.00000000e+01 1.00000000e+00 4.69815566e+09
  2.47918585e+08]
 [4.90000000e+01 5.10000000e+01 1.00000000e+00 4.50399028e+09
  1.96690295e+08]]
[[0.00000000e+00 1.00000000e+00 1.00000000e+00 5.64464064e+11
  2.66867705e+10]
 [1.00000000e+00 2.00000000e+00 7.92582092e-11 3.84712615e+11
  1.77842189e+10]
 [2.00000000e+00 3.00000000e+00 1.00000000e+00 1.90276453e+11
  1.26083526e+10]
 [3.00000000e+00 4.00000000e+00 1.00000000e+00 1.36643729e+11
  1.27772468e+10]
 [4.00000000e+00 5.00000000e+00 1.00000000e+00 9.30176287e+10
  7.55669053e+09]
 [5.00000000e+00 6.00000000e+00 1.00000000e+00 6.94133687e+10
  6.15245592e+09]
 [6.00000000e+00 7.00000000e+00 1.00000000e+00 5.69019801e+10
  4.49662425e+09]
 [7.00000000e+00 8.00000000e+00 1.00000000e+00 4.30677570e+10
  4.08029143e+09]
 [8.00000000e+00 9.00000000e+00 1.00000000e+00 3.85923685e+10
  4.60810486e+09]
 [9.00000000e+00 1.00000000e+01 1.00000000e+00 3.21817780e+10
  3.13814277e+09]
 [1.00000000e+01 1.10000000e+01 1.00000000e+00 2.74393892e+10
  2.91021519e+09]
 [1.10000000e+01 1.20000000e+01 1.00000000e+00 2.41947261e+10
  2.15597088e+09]
 [1.20000000e+01 1.30000000e+01 1.00000000e+00 2.07058150e+10
  1.88634022e+09]
 [1.30000000e+01 1.40000000e+01 1.00000000e+00 1.94120888e+10
  2.29023854e+09]
 [1.40000000e+01 1.50000000e+01 1.00000000e+00 1.71702168e+10
  1.59620110e+09]
 [1.50000000e+01 1.60000000e+01 1.00000000e+00 1.58878276e+10
  1.60479825e+09]
 [1.60000000e+01 1.70000000e+01 1.00000000e+00 1.48010059e+10
  1.48070097e+09]
 [1.70000000e+01 1.80000000e+01 1.00000000e+00 1.36715195e+10
  1.33642806e+09]
 [1.80000000e+01 1.90000000e+01 1.00000000e+00 1.31928245e+10
  1.55569221e+09]
 [1.90000000e+01 2.00000000e+01 1.00000000e+00 1.21211200e+10
  1.16353817e+09]
 [2.00000000e+01 2.10000000e+01 1.00000000e+00 1.14445908e+10
  1.07983095e+09]
 [2.10000000e+01 2.20000000e+01 1.00000000e+00 1.09071187e+10
  9.95936194e+08]
 [2.20000000e+01 2.30000000e+01 1.00000000e+00 1.03158563e+10
  8.90768001e+08]
 [2.30000000e+01 2.40000000e+01 1.00000000e+00 1.00567181e+10
  9.88656901e+08]
 [2.40000000e+01 2.50000000e+01 1.00000000e+00 9.55300672e+09
  8.41919877e+08]
 [2.50000000e+01 2.60000000e+01 1.00000000e+00 9.33005864e+09
  8.95646868e+08]
 [2.60000000e+01 2.70000000e+01 1.00000000e+00 9.00808864e+09
  7.98653497e+08]
 [2.70000000e+01 2.80000000e+01 1.00000000e+00 8.69005406e+09
  7.29437851e+08]
 [2.80000000e+01 2.90000000e+01 1.00000000e+00 8.46441737e+09
  7.54341646e+08]
 [2.90000000e+01 3.10000000e+01 2.72899113e-01 8.26754395e+09
  6.63783828e+08]
 [3.00000000e+01 3.20000000e+01 1.00000000e+00 8.02659488e+09
  6.79587027e+08]
 [3.10000000e+01 3.30000000e+01 1.00000000e+00 7.99314426e+09
  7.78084099e+08]
 [3.20000000e+01 3.40000000e+01 1.00000000e+00 7.65500842e+09
  5.82913152e+08]
 [3.30000000e+01 3.50000000e+01 1.00000000e+00 7.49924959e+09
  6.09201315e+08]
 [3.40000000e+01 3.60000000e+01 1.00000000e+00 7.35481105e+09
  5.85595545e+08]
 [3.50000000e+01 3.70000000e+01 1.00000000e+00 7.18463913e+09
  5.64774122e+08]
 [3.60000000e+01 4.00000000e+01 1.57526373e-01 7.04344325e+09
  4.67667625e+08]
 [3.70000000e+01 4.10000000e+01 1.00000000e+00 6.92794638e+09
  4.90544561e+08]
 [3.80000000e+01 4.20000000e+01 1.00000000e+00 6.88313658e+09
  5.32438566e+08]
 [3.90000000e+01 4.30000000e+01 1.00000000e+00 6.73735876e+09
  5.08983639e+08]
 [4.00000000e+01 4.60000000e+01 1.55104305e-01 6.64972484e+09
  4.55344580e+08]
 [4.10000000e+01 4.70000000e+01 1.00000000e+00 6.51395164e+09
  4.59387888e+08]
 [4.20000000e+01 5.00000000e+01 1.85426815e-01 6.45202969e+09
  4.25319434e+08]
 [4.30000000e+01 5.10000000e+01 1.00000000e+00 6.32690646e+09
  4.47393628e+08]
 [4.40000000e+01 5.20000000e+01 1.00000000e+00 6.31908898e+09
  5.14197341e+08]
 [4.50000000e+01 5.30000000e+01 1.00000000e+00 6.10626672e+09
  3.81469281e+08]
 [4.60000000e+01 5.40000000e+01 1.00000000e+00 6.10458181e+09
  4.43445790e+08]
 [4.70000000e+01 5.50000000e+01 1.00000000e+00 5.98393059e+09
  3.83826766e+08]
 [4.80000000e+01 5.60000000e+01 1.00000000e+00 5.91076110e+09
  3.78368076e+08]
 [4.90000000e+01 5.90000000e+01 1.45915099e-01 5.84333769e+09
  3.34616075e+08]
 [5.00000000e+01 6.00000000e+01 1.00000000e+00 5.81972049e+09
  4.05149758e+08]]
