[[0.00000000e+00 1.00000000e+00 1.00000000e+00 7.79158793e+08
  3.05849239e+07]
 [1.00000000e+00 2.00000000e+00 8.32935109e-08 6.01779653e+08
  2.52484878e+07]
 [2.00000000e+00 3.00000000e+00 1.00000000e+00 9.80299488e+07
  7.33513573e+06]
 [3.00000000e+00 4.00000000e+00 1.00000000e+00 6.61131144e+07
  6.04062927e+06]
 [4.00000000e+00 5.00000000e+00 1.00000000e+00 4.05724177e+07
  2.50162166e+06]
 [5.00000000e+00 6.00000000e+00 1.00000000e+00 3.40651710e+07
  2.01631546e+06]
 [6.00000000e+00 7.00000000e+00 1.00000000e+00 2.91383916e+07
  1.97964107e+06]
 [7.00000000e+00 9.00000000e+00 1.50925258e-01 2.72934750e+07
  1.78600817e+06]
 [8.00000000e+00 1.00000000e+01 1.00000000e+00 2.07219022e+07
  1.08584873e+06]
 [9.00000000e+00 1.20000000e+01 1.15878032e-01 2.01427863e+07
  1.00394933e+06]
 [1.00000000e+01 1.30000000e+01 1.00000000e+00 1.82382310e+07
  1.20034616e+06]
 [1.10000000e+01 1.40000000e+01 1.00000000e+00 1.71503306e+07
  1.26226088e+06]
 [1.20000000e+01 1.60000000e+01 3.93309495e-01 1.48430621e+07
  7.98212848e+05]
 [1.30000000e+01 1.70000000e+01 1.00000000e+00 1.33459393e+07
  5.75168274e+05]
 [1.40000000e+01 1.80000000e+01 1.00000000e+00 1.33022235e+07
  6.92958258e+05]
 [1.50000000e+01 1.90000000e+01 1.00000000e+00 1.32522602e+07
  7.79863634e+05]
 [1.60000000e+01 2.00000000e+01 1.00000000e+00 1.19349901e+07
  5.04973997e+05]
 [1.70000000e+01 2.10000000e+01 1.00000000e+00 1.14972890e+07
  5.11802011e+05]
 [1.80000000e+01 2.40000000e+01 1.67689440e-01 1.13479615e+07
  4.91633432e+05]
 [1.90000000e+01 2.50000000e+01 1.00000000e+00 1.10519671e+07
  5.70274576e+05]
 [2.00000000e+01 2.80000000e+01 1.14078166e-01 1.08543616e+07
  5.44906130e+05]
 [2.10000000e+01 2.90000000e+01 1.00000000e+00 1.07940135e+07
  6.48206989e+05]
 [2.20000000e+01 3.10000000e+01 2.22531161e-01 1.05450510e+07
  6.20309461e+05]
 [2.30000000e+01 3.40000000e+01 1.33999156e-01 1.00927856e+07
  5.46111480e+05]
 [2.40000000e+01 3.50000000e+01 1.00000000e+00 9.09941869e+06
  4.02896530e+05]
 [2.50000000e+01 3.80000000e+01 1.16771622e-01 8.90137028e+06
  3.56377090e+05]
 [2.60000000e+01 4.10000000e+01 1.85040100e-01 8.72758440e+06
  3.26161618e+05]
 [2.70000000e+01 4.30000000e+01 1.77717957e-01 8.52017721e+06
  3.00820132e+05]
 [2.80000000e+01 4.60000000e+01 1.49952969e-01 8.34601887e+06
  2.88083134e+05]
 [2.90000000e+01 4.90000000e+01 1.35007515e-01 8.09530488e+06
  2.54207738e+05]
 [3.00000000e+01 5.20000000e+01 1.62218419e-01 7.89967471e+06
  2.27971963e+05]
 [3.10000000e+01 5.80000000e+01 5.67004364e-02 7.84625417e+06
  2.23004670e+05]
 [3.20000000e+01 6.00000000e+01 1.19847603e-01 7.71366667e+06
  2.04919932e+05]
 [3.30000000e+01 6.30000000e+01 1.16391311e-01 7.65311663e+06
  2.07764690e+05]
 [3.40000000e+01 6.50000000e+01 1.66738217e-01 7.51646445e+06
  1.91899237e+05]
 [3.50000000e+01 7.10000000e+01 2.50832347e-02 7.48484537e+06
  1.87546210e+05]
 [3.60000000e+01 7.30000000e+01 1.37411279e-01 7.40948700e+06
  1.83919724e+05]
 [3.70000000e+01 7.90000000e+01 5.09219554e-02 7.34160346e+06
  1.76731945e+05]
 [3.80000000e+01 8.20000000e+01 1.74613196e-01 7.11313046e+06
  1.53880256e+05]
 [3.90000000e+01 8.80000000e+01 1.72214373e-02 7.09079583e+06
  1.52550097e+05]
 [4.00000000e+01 9.00000000e+01 1.11005122e-01 6.99362789e+06
  1.47851936e+05]
 [4.10000000e+01 9.60000000e+01 1.54898586e-02 6.99017884e+06
  1.51391231e+05]
 [4.20000000e+01 9.80000000e+01 1.11630959e-01 6.89417661e+06
  1.51334834e+05]
 [4.30000000e+01 1.04000000e+02 7.84867628e-03 6.88843001e+06
  1.53218970e+05]
 [4.40000000e+01 1.06000000e+02 1.07959624e-01 6.82964422e+06
  1.59228916e+05]
 [4.50000000e+01 1.12000000e+02 1.41560581e-02 6.78511013e+06
  1.53302000e+05]
 [4.60000000e+01 1.14000000e+02 1.09646771e-01 6.68303587e+06
  1.50775841e+05]
 [4.70000000e+01 1.20000000e+02 7.93452129e-03 6.67937947e+06
  1.54600368e+05]
 [4.80000000e+01 1.23000000e+02 1.75445985e-01 6.57292885e+06
  1.70060896e+05]
 [4.90000000e+01 1.28000000e+02 3.38003150e-02 6.44192729e+06
  1.47066056e+05]
 [5.00000000e+01 1.31000000e+02 1.66759017e-01 6.30672058e+06
  1.38696449e+05]]
[[0.00000000e+00 1.00000000e+00 1.00000000e+00 1.74320471e+09
  6.61589276e+07]
 [1.00000000e+00 2.00000000e+00 3.98264391e-08 1.34992471e+09
  5.30883492e+07]
 [2.00000000e+00 3.00000000e+00 1.00000000e+00 4.57656635e+08
  3.15784533e+07]
 [3.00000000e+00 5.00000000e+00 1.75512368e-01 3.63633939e+08
  2.12102410e+07]
 [4.00000000e+00 6.00000000e+00 1.00000000e+00 2.59823611e+08
  1.52403566e+07]
 [5.00000000e+00 7.00000000e+00 1.00000000e+00 2.08996546e+08
  1.37272063e+07]
 [6.00000000e+00 8.00000000e+00 1.00000000e+00 1.94197957e+08
  1.96704668e+07]
 [7.00000000e+00 9.00000000e+00 1.00000000e+00 1.34103457e+08
  9.38042934e+06]
 [8.00000000e+00 1.00000000e+01 1.00000000e+00 1.12381674e+08
  5.85866813e+06]
 [9.00000000e+00 1.10000000e+01 1.00000000e+00 9.61510105e+07
  4.32439493e+06]
 [1.00000000e+01 1.40000000e+01 1.76463891e-01 9.24183089e+07
  3.89742633e+06]
 [1.10000000e+01 1.50000000e+01 1.00000000e+00 8.49425593e+07
  4.57161573e+06]
 [1.20000000e+01 1.70000000e+01 1.17892474e-01 8.26018790e+07
  4.35224867e+06]
 [1.30000000e+01 1.80000000e+01 1.00000000e+00 7.06846664e+07
  3.84304391e+06]
 [1.40000000e+01 2.10000000e+01 1.21721439e-01 6.65790795e+07
  3.04177371e+06]
 [1.50000000e+01 2.20000000e+01 1.00000000e+00 6.53150344e+07
  3.73049534e+06]
 [1.60000000e+01 2.30000000e+01 1.00000000e+00 6.18371422e+07
  3.69373793e+06]
 [1.70000000e+01 2.60000000e+01 1.25664154e-01 5.92211881e+07
  3.19598425e+06]
 [1.80000000e+01 2.70000000e+01 1.00000000e+00 5.35179062e+07
  2.37385533e+06]
 [1.90000000e+01 3.00000000e+01 1.51820852e-01 5.26290951e+07
  2.24378560e+06]
 [2.00000000e+01 3.10000000e+01 1.00000000e+00 5.03413064e+07
  2.46385762e+06]
 [2.10000000e+01 3.40000000e+01 1.22693197e-01 4.93215716e+07
  2.30120463e+06]
 [2.20000000e+01 3.50000000e+01 1.00000000e+00 4.78066068e+07
  2.54405962e+06]
 [2.30000000e+01 3.80000000e+01 1.58820951e-01 4.67059297e+07
  2.36551097e+06]
 [2.40000000e+01 3.90000000e+01 1.00000000e+00 4.36728729e+07
  2.04913815e+06]
 [2.50000000e+01 4.20000000e+01 1.16538069e-01 4.23580978e+07
  1.73377673e+06]
 [2.60000000e+01 4.40000000e+01 2.57192909e-01 4.12032286e+07
  1.52667329e+06]
 [2.70000000e+01 4.60000000e+01 2.84381178e-01 4.00463805e+07
  1.39937503e+06]
 [2.80000000e+01 4.90000000e+01 1.78785642e-01 3.92953778e+07
  1.34074429e+06]
 [2.90000000e+01 5.20000000e+01 1.18247870e-01 3.86271197e+07
  1.29890199e+06]
 [3.00000000e+01 5.30000000e+01 1.00000000e+00 3.79667505e+07
  1.45421062e+06]
 [3.10000000e+01 5.60000000e+01 1.06379695e-01 3.74650422e+07
  1.34727414e+06]
 [3.20000000e+01 6.10000000e+01 2.89467897e-01 3.71717688e+07
  1.31477920e+06]
 [3.30000000e+01 6.40000000e+01 1.74201973e-01 3.68256161e+07
  1.30075284e+06]
 [3.40000000e+01 6.60000000e+01 2.00447207e-01 3.60404735e+07
  1.20715680e+06]
 [3.50000000e+01 7.20000000e+01 3.24645953e-02 3.59650228e+07
  1.21543466e+06]
 [3.60000000e+01 7.30000000e+01 1.00000000e+00 3.51547227e+07
  1.31294318e+06]
 [3.70000000e+01 7.60000000e+01 1.08894317e-01 3.49374919e+07
  1.27835197e+06]
 [3.80000000e+01 8.00000000e+01 1.96041017e-01 3.45692268e+07
  1.22141748e+06]
 [3.90000000e+01 8.20000000e+01 1.33094101e-01 3.41739441e+07
  1.17453748e+06]
 [4.00000000e+01 8.50000000e+01 1.68681154e-01 3.32670936e+07
  1.01988936e+06]
 [4.10000000e+01 8.80000000e+01 1.13447374e-01 3.29777231e+07
  1.01634277e+06]
 [4.20000000e+01 8.90000000e+01 1.00000000e+00 3.29196819e+07
  1.12756482e+06]
 [4.30000000e+01 9.20000000e+01 1.04425999e-01 3.23042003e+07
  9.68540326e+05]
 [4.40000000e+01 9.70000000e+01 2.44875345e-01 3.20850940e+07
  9.24337860e+05]
 [4.50000000e+01 1.03000000e+02 1.37506990e-01 3.19751355e+07
  9.19393252e+05]
 [4.60000000e+01 1.09000000e+02 1.27358587e-01 3.19348164e+07
  9.46257125e+05]
 [4.70000000e+01 1.15000000e+02 7.59206189e-02 3.19034125e+07
  9.67514606e+05]
 [4.80000000e+01 1.21000000e+02 3.38131907e-02 3.18002851e+07
  9.58156175e+05]
 [4.90000000e+01 1.24000000e+02 1.83483599e-01 3.14246261e+07
  9.38338075e+05]
 [5.00000000e+01 1.27000000e+02 1.09718944e-01 3.09696315e+07
  8.62004752e+05]]
