[[0.00000000e+00 1.00000000e+00 1.00000000e+00 4.50270606e+12
  3.19279919e+10]
 [1.00000000e+00 2.00000000e+00 4.41703039e-10 2.90469381e+12
  2.03561023e+10]
 [2.00000000e+00 3.00000000e+00 1.00000000e+00 1.17980687e+12
  1.22299689e+10]
 [3.00000000e+00 4.00000000e+00 1.00000000e+00 6.83735752e+11
  7.89507481e+09]
 [4.00000000e+00 5.00000000e+00 1.00000000e+00 4.60902812e+11
  6.61552830e+09]
 [5.00000000e+00 6.00000000e+00 1.00000000e+00 3.57465175e+11
  5.59668705e+09]
 [6.00000000e+00 7.00000000e+00 1.00000000e+00 2.87687230e+11
  3.94596537e+09]
 [7.00000000e+00 8.00000000e+00 1.00000000e+00 2.28773659e+11
  3.07722734e+09]
 [8.00000000e+00 9.00000000e+00 1.00000000e+00 1.81952257e+11
  3.44645641e+09]
 [9.00000000e+00 1.00000000e+01 1.00000000e+00 1.42359813e+11
  2.70622000e+09]
 [1.00000000e+01 1.10000000e+01 1.00000000e+00 1.13825319e+11
  2.11684965e+09]
 [1.10000000e+01 1.20000000e+01 1.00000000e+00 9.23574917e+10
  2.44051804e+09]
 [1.20000000e+01 1.30000000e+01 1.00000000e+00 7.80345334e+10
  2.06174227e+09]
 [1.30000000e+01 1.40000000e+01 1.00000000e+00 6.63872600e+10
  1.54623444e+09]
 [1.40000000e+01 1.50000000e+01 1.00000000e+00 5.57588212e+10
  1.56380430e+09]
 [1.50000000e+01 1.60000000e+01 1.00000000e+00 4.96859794e+10
  1.78551468e+09]
 [1.60000000e+01 1.70000000e+01 1.00000000e+00 4.38751559e+10
  1.12943072e+09]
 [1.70000000e+01 1.80000000e+01 1.00000000e+00 3.73346202e+10
  8.93938140e+08]
 [1.80000000e+01 1.90000000e+01 1.00000000e+00 3.39005121e+10
  1.00680623e+09]
 [1.90000000e+01 2.00000000e+01 1.00000000e+00 2.94723425e+10
  8.28662344e+08]
 [2.00000000e+01 2.10000000e+01 1.00000000e+00 2.69803009e+10
  1.30308203e+09]
 [2.10000000e+01 2.20000000e+01 1.00000000e+00 2.41471336e+10
  8.61407613e+08]
 [2.20000000e+01 2.30000000e+01 1.00000000e+00 2.23032411e+10
  7.07120323e+08]
 [2.30000000e+01 2.40000000e+01 1.00000000e+00 2.01605843e+10
  6.61163256e+08]
 [2.40000000e+01 2.50000000e+01 1.00000000e+00 1.82310530e+10
  9.82793695e+08]
 [2.50000000e+01 2.60000000e+01 1.00000000e+00 1.64392120e+10
  5.75094167e+08]
 [2.60000000e+01 2.70000000e+01 1.00000000e+00 1.53938595e+10
  4.74641728e+08]
 [2.70000000e+01 2.80000000e+01 1.00000000e+00 1.44033771e+10
  4.67228177e+08]
 [2.80000000e+01 2.90000000e+01 1.00000000e+00 1.35622234e+10
  6.22725124e+08]
 [2.90000000e+01 3.00000000e+01 1.00000000e+00 1.26910252e+10
  4.80960498e+08]
 [3.00000000e+01 3.10000000e+01 1.00000000e+00 1.20085370e+10
  4.28463105e+08]
 [3.10000000e+01 3.20000000e+01 1.00000000e+00 1.15261303e+10
  4.10947712e+08]
 [3.20000000e+01 3.30000000e+01 1.00000000e+00 1.10154454e+10
  3.50416170e+08]
 [3.30000000e+01 3.40000000e+01 1.00000000e+00 1.04096325e+10
  3.44497951e+08]
 [3.40000000e+01 3.50000000e+01 1.00000000e+00 9.87610243e+09
  4.52925144e+08]
 [3.50000000e+01 3.60000000e+01 1.00000000e+00 9.45914509e+09
  4.21316178e+08]
 [3.60000000e+01 3.70000000e+01 1.00000000e+00 9.07931292e+09
  3.17778652e+08]
 [3.70000000e+01 3.80000000e+01 1.00000000e+00 8.77004543e+09
  3.14582929e+08]
 [3.80000000e+01 3.90000000e+01 1.00000000e+00 8.51466210e+09
  3.41980496e+08]
 [3.90000000e+01 4.00000000e+01 1.00000000e+00 8.17359878e+09
  2.69717813e+08]
 [4.00000000e+01 4.10000000e+01 1.00000000e+00 7.65351313e+09
  2.93931129e+08]
 [4.10000000e+01 4.20000000e+01 1.00000000e+00 7.59916315e+09
  5.89027552e+08]
 [4.20000000e+01 4.30000000e+01 1.00000000e+00 7.13806911e+09
  2.79311836e+08]
 [4.30000000e+01 4.40000000e+01 1.00000000e+00 6.84282088e+09
  2.07120802e+08]
 [4.40000000e+01 4.50000000e+01 1.00000000e+00 6.63695353e+09
  2.46658078e+08]
 [4.50000000e+01 4.60000000e+01 1.00000000e+00 6.45701323e+09
  4.83038340e+08]
 [4.60000000e+01 4.70000000e+01 1.00000000e+00 6.17010770e+09
  2.82677604e+08]
 [4.70000000e+01 4.80000000e+01 1.00000000e+00 5.95429742e+09
  2.32286297e+08]
 [4.80000000e+01 4.90000000e+01 1.00000000e+00 5.65928983e+09
  2.09701557e+08]
 [4.90000000e+01 5.00000000e+01 1.00000000e+00 5.53740642e+09
  3.62854563e+08]
 [5.00000000e+01 5.10000000e+01 1.00000000e+00 5.34419344e+09
  2.21137029e+08]]
[[0.00000000e+00 1.00000000e+00 1.00000000e+00 1.23145259e+12
  3.33405820e+10]
 [1.00000000e+00 2.00000000e+00 1.10782546e-10 8.02766788e+11
  2.30365387e+10]
 [2.00000000e+00 3.00000000e+00 1.00000000e+00 3.36269488e+11
  1.93308119e+10]
 [3.00000000e+00 4.00000000e+00 1.00000000e+00 2.57834832e+11
  2.18377414e+10]
 [4.00000000e+00 5.00000000e+00 1.00000000e+00 1.48367824e+11
  9.78887617e+09]
 [5.00000000e+00 6.00000000e+00 1.00000000e+00 1.07498556e+11
  6.22984506e+09]
 [6.00000000e+00 7.00000000e+00 1.00000000e+00 8.42481179e+10
  5.77143603e+09]
 [7.00000000e+00 8.00000000e+00 1.00000000e+00 6.27686530e+10
  8.47696068e+09]
 [8.00000000e+00 9.00000000e+00 1.00000000e+00 5.25231205e+10
  7.31410759e+09]
 [9.00000000e+00 1.00000000e+01 1.00000000e+00 3.95500276e+10
  3.42276865e+09]
 [1.00000000e+01 1.10000000e+01 1.00000000e+00 3.32798075e+10
  2.27060433e+09]
 [1.10000000e+01 1.20000000e+01 1.00000000e+00 2.76405023e+10
  2.56668726e+09]
 [1.20000000e+01 1.30000000e+01 1.00000000e+00 2.33995716e+10
  3.09478267e+09]
 [1.30000000e+01 1.40000000e+01 1.00000000e+00 1.98627135e+10
  2.32447447e+09]
 [1.40000000e+01 1.50000000e+01 1.00000000e+00 1.71767857e+10
  2.05511202e+09]
 [1.50000000e+01 1.60000000e+01 1.00000000e+00 1.51029344e+10
  1.70365308e+09]
 [1.60000000e+01 1.70000000e+01 1.00000000e+00 1.36026227e+10
  1.73653651e+09]
 [1.70000000e+01 1.80000000e+01 1.00000000e+00 1.21843915e+10
  1.53287696e+09]
 [1.80000000e+01 1.90000000e+01 1.00000000e+00 1.12235495e+10
  1.51392933e+09]
 [1.90000000e+01 2.00000000e+01 1.00000000e+00 1.02877130e+10
  1.22053260e+09]
 [2.00000000e+01 2.10000000e+01 1.00000000e+00 9.56605538e+09
  1.16790662e+09]
 [2.10000000e+01 2.20000000e+01 1.00000000e+00 9.03912517e+09
  1.01274878e+09]
 [2.20000000e+01 2.30000000e+01 1.00000000e+00 8.48572967e+09
  9.13813471e+08]
 [2.30000000e+01 2.40000000e+01 1.00000000e+00 8.07938549e+09
  9.71688950e+08]
 [2.40000000e+01 2.50000000e+01 1.00000000e+00 7.69888907e+09
  9.84378397e+08]
 [2.50000000e+01 2.60000000e+01 1.00000000e+00 7.37197579e+09
  9.22037954e+08]
 [2.60000000e+01 2.70000000e+01 1.00000000e+00 7.07813910e+09
  7.91328869e+08]
 [2.70000000e+01 2.80000000e+01 1.00000000e+00 6.83144097e+09
  7.98610843e+08]
 [2.80000000e+01 2.90000000e+01 1.00000000e+00 6.53136226e+09
  6.86552282e+08]
 [2.90000000e+01 3.00000000e+01 1.00000000e+00 6.28369745e+09
  8.45711797e+08]
 [3.00000000e+01 3.10000000e+01 1.00000000e+00 6.16100891e+09
  1.02581269e+09]
 [3.10000000e+01 3.20000000e+01 1.00000000e+00 5.90833360e+09
  6.22445827e+08]
 [3.20000000e+01 3.30000000e+01 1.00000000e+00 5.75355024e+09
  5.66616212e+08]
 [3.30000000e+01 3.40000000e+01 1.00000000e+00 5.63120124e+09
  5.62523904e+08]
 [3.40000000e+01 3.50000000e+01 1.00000000e+00 5.37174061e+09
  6.13335130e+08]
 [3.50000000e+01 3.60000000e+01 1.00000000e+00 5.17086072e+09
  9.62152444e+08]
 [3.60000000e+01 3.70000000e+01 1.00000000e+00 4.93718342e+09
  4.94048053e+08]
 [3.70000000e+01 3.80000000e+01 1.00000000e+00 4.80615014e+09
  4.34774224e+08]
 [3.80000000e+01 3.90000000e+01 1.00000000e+00 4.69263939e+09
  4.71752489e+08]
 [3.90000000e+01 4.00000000e+01 1.00000000e+00 4.53505317e+09
  5.54959989e+08]
 [4.00000000e+01 4.10000000e+01 1.00000000e+00 4.40855697e+09
  6.01099890e+08]
 [4.10000000e+01 4.20000000e+01 1.00000000e+00 4.28125519e+09
  4.39723396e+08]
 [4.20000000e+01 4.30000000e+01 1.00000000e+00 4.20126035e+09
  3.71043066e+08]
 [4.30000000e+01 4.40000000e+01 1.00000000e+00 4.14622998e+09
  3.67885296e+08]
 [4.40000000e+01 4.50000000e+01 1.00000000e+00 4.06796445e+09
  3.35808495e+08]
 [4.50000000e+01 4.60000000e+01 1.00000000e+00 4.00278114e+09
  4.46951912e+08]
 [4.60000000e+01 4.70000000e+01 1.00000000e+00 3.96712119e+09
  5.16102995e+08]
 [4.70000000e+01 4.80000000e+01 1.00000000e+00 3.88312453e+09
  3.31715234e+08]
 [4.80000000e+01 4.90000000e+01 1.00000000e+00 3.81337150e+09
  3.51511517e+08]
 [4.90000000e+01 5.00000000e+01 1.00000000e+00 3.76445860e+09
  3.75343822e+08]
 [5.00000000e+01 5.10000000e+01 1.00000000e+00 3.68999681e+09
  3.45411865e+08]]
