[[0.00000000e+00 1.00000000e+00 1.00000000e+00 4.70967419e+09
  1.55943259e+08]
 [1.00000000e+00 2.00000000e+00 1.93667904e-08 3.73263826e+09
  1.32158200e+08]
 [2.00000000e+00 3.00000000e+00 1.00000000e+00 6.22191782e+08
  4.44901414e+07]
 [3.00000000e+00 4.00000000e+00 1.00000000e+00 4.22530934e+08
  4.38738040e+07]
 [4.00000000e+00 5.00000000e+00 1.00000000e+00 2.89206659e+08
  2.01717411e+07]
 [5.00000000e+00 6.00000000e+00 1.00000000e+00 2.12071306e+08
  1.45508659e+07]
 [6.00000000e+00 7.00000000e+00 1.00000000e+00 1.64720144e+08
  1.33128558e+07]
 [7.00000000e+00 8.00000000e+00 1.00000000e+00 1.22300345e+08
  1.83670251e+07]
 [8.00000000e+00 9.00000000e+00 1.00000000e+00 1.04560506e+08
  1.33821163e+07]
 [9.00000000e+00 1.00000000e+01 1.00000000e+00 9.02825477e+07
  5.54799513e+06]
 [1.00000000e+01 1.10000000e+01 1.00000000e+00 8.36783648e+07
  4.17430217e+06]
 [1.10000000e+01 1.20000000e+01 1.00000000e+00 7.51046466e+07
  4.48637799e+06]
 [1.20000000e+01 1.30000000e+01 1.00000000e+00 7.04429793e+07
  9.23773793e+06]
 [1.30000000e+01 1.40000000e+01 1.00000000e+00 6.37057536e+07
  3.96310184e+06]
 [1.40000000e+01 1.50000000e+01 1.00000000e+00 6.00264957e+07
  3.56487223e+06]
 [1.50000000e+01 1.60000000e+01 1.00000000e+00 5.61219067e+07
  3.78635961e+06]
 [1.60000000e+01 1.70000000e+01 1.00000000e+00 5.55937192e+07
  9.81393425e+06]
 [1.70000000e+01 1.80000000e+01 1.00000000e+00 5.02978842e+07
  3.04618387e+06]
 [1.80000000e+01 1.90000000e+01 1.00000000e+00 4.87519075e+07
  2.27854208e+06]
 [1.90000000e+01 2.00000000e+01 1.00000000e+00 4.70392766e+07
  2.66748769e+06]
 [2.00000000e+01 2.10000000e+01 1.00000000e+00 4.43228295e+07
  2.99139573e+06]
 [2.10000000e+01 2.30000000e+01 3.23199950e-01 4.29410423e+07
  3.39089219e+06]
 [2.20000000e+01 2.40000000e+01 1.00000000e+00 4.07523217e+07
  2.39013165e+06]
 [2.30000000e+01 2.50000000e+01 1.00000000e+00 3.94189794e+07
  3.51325664e+06]
 [2.40000000e+01 2.60000000e+01 1.00000000e+00 3.78328719e+07
  1.83487530e+06]
 [2.50000000e+01 2.70000000e+01 1.00000000e+00 3.68926568e+07
  1.67862604e+06]
 [2.60000000e+01 2.80000000e+01 1.00000000e+00 3.55536564e+07
  2.48176500e+06]
 [2.70000000e+01 2.90000000e+01 1.00000000e+00 3.51568631e+07
  3.92010039e+06]
 [2.80000000e+01 3.00000000e+01 1.00000000e+00 3.40488169e+07
  1.37062530e+06]
 [2.90000000e+01 3.10000000e+01 1.00000000e+00 3.36687447e+07
  1.17905939e+06]
 [3.00000000e+01 3.20000000e+01 1.00000000e+00 3.31168595e+07
  1.41432548e+06]
 [3.10000000e+01 3.30000000e+01 1.00000000e+00 3.21781082e+07
  2.01580458e+06]
 [3.20000000e+01 3.40000000e+01 1.00000000e+00 3.16643895e+07
  3.28578218e+06]
 [3.30000000e+01 3.50000000e+01 1.00000000e+00 3.06816735e+07
  1.38200579e+06]
 [3.40000000e+01 3.60000000e+01 1.00000000e+00 3.01724042e+07
  1.29571978e+06]
 [3.50000000e+01 3.70000000e+01 1.00000000e+00 2.97359152e+07
  1.47676311e+06]
 [3.60000000e+01 3.80000000e+01 1.00000000e+00 2.95569967e+07
  3.14126435e+06]
 [3.70000000e+01 3.90000000e+01 1.00000000e+00 2.89255791e+07
  1.22128175e+06]
 [3.80000000e+01 4.00000000e+01 1.00000000e+00 2.85881438e+07
  1.02375145e+06]
 [3.90000000e+01 4.10000000e+01 1.00000000e+00 2.83124559e+07
  1.14851791e+06]
 [4.00000000e+01 4.20000000e+01 1.00000000e+00 2.80376971e+07
  2.25170691e+06]
 [4.10000000e+01 4.30000000e+01 1.00000000e+00 2.76532521e+07
  1.00704429e+06]
 [4.20000000e+01 4.40000000e+01 1.00000000e+00 2.74434146e+07
  8.93399015e+05]
 [4.30000000e+01 4.50000000e+01 1.00000000e+00 2.71596636e+07
  1.00405203e+06]
 [4.40000000e+01 4.60000000e+01 1.00000000e+00 2.71369528e+07
  2.58450658e+06]
 [4.50000000e+01 4.70000000e+01 1.00000000e+00 2.67436356e+07
  1.02295211e+06]
 [4.60000000e+01 4.80000000e+01 1.00000000e+00 2.65646689e+07
  7.53697571e+05]
 [4.70000000e+01 4.90000000e+01 1.00000000e+00 2.63852144e+07
  9.34379634e+05]
 [4.80000000e+01 5.00000000e+01 1.00000000e+00 2.60726351e+07
  1.27686020e+06]
 [4.90000000e+01 5.20000000e+01 3.92610061e-01 2.58748842e+07
  1.17979631e+06]
 [5.00000000e+01 5.30000000e+01 1.00000000e+00 2.56367766e+07
  8.29214074e+05]]
