[[0.00000000e+00 1.00000000e+00 1.00000000e+00 3.51474055e+22
  4.39868074e+20]
 [1.00000000e+00 2.00000000e+00 1.81655432e-20 2.28298099e+22
  2.66670623e+20]
 [2.00000000e+00 3.00000000e+00 1.00000000e+00 9.83628239e+21
  1.38529621e+20]
 [3.00000000e+00 4.00000000e+00 1.00000000e+00 5.22761651e+21
  1.41962488e+20]
 [4.00000000e+00 5.00000000e+00 1.00000000e+00 3.41430956e+21
  8.90438194e+19]
 [5.00000000e+00 6.00000000e+00 1.00000000e+00 2.75583493e+21
  5.53225456e+19]
 [6.00000000e+00 7.00000000e+00 1.00000000e+00 2.08930517e+21
  4.56726843e+19]
 [7.00000000e+00 8.00000000e+00 1.00000000e+00 1.78084132e+21
  5.80973596e+19]
 [8.00000000e+00 9.00000000e+00 1.00000000e+00 1.53045964e+21
  3.15028844e+19]
 [9.00000000e+00 1.00000000e+01 1.00000000e+00 1.33872518e+21
  3.06957029e+19]
 [1.00000000e+01 1.10000000e+01 1.00000000e+00 1.15313853e+21
  3.22443854e+19]
 [1.10000000e+01 1.20000000e+01 1.00000000e+00 9.91906860e+20
  3.42195624e+19]
 [1.20000000e+01 1.30000000e+01 1.00000000e+00 8.94424631e+20
  1.83751764e+19]
 [1.30000000e+01 1.40000000e+01 1.00000000e+00 8.11642230e+20
  2.17947630e+19]
 [1.40000000e+01 1.50000000e+01 1.00000000e+00 7.47675931e+20
  1.77907878e+19]
 [1.50000000e+01 1.60000000e+01 1.00000000e+00 6.73393581e+20
  2.08582983e+19]
 [1.60000000e+01 1.70000000e+01 1.00000000e+00 6.26980973e+20
  2.02571035e+19]
 [1.70000000e+01 1.80000000e+01 1.00000000e+00 5.97224861e+20
  1.47877015e+19]
 [1.80000000e+01 1.90000000e+01 1.00000000e+00 5.33920380e+20
  1.14076338e+19]
 [1.90000000e+01 2.00000000e+01 1.00000000e+00 5.04321863e+20
  1.63410632e+19]
 [2.00000000e+01 2.10000000e+01 1.00000000e+00 4.67922908e+20
  1.08221442e+19]
 [2.10000000e+01 2.20000000e+01 1.00000000e+00 4.41944973e+20
  9.95960919e+18]
 [2.20000000e+01 2.30000000e+01 1.00000000e+00 4.18651677e+20
  1.20296375e+19]
 [2.30000000e+01 2.40000000e+01 1.00000000e+00 3.92845936e+20
  1.11218538e+19]
 [2.40000000e+01 2.50000000e+01 1.00000000e+00 3.74728949e+20
  9.20444306e+18]
 [2.50000000e+01 2.60000000e+01 1.00000000e+00 3.54783127e+20
  1.06524506e+19]
 [2.60000000e+01 2.70000000e+01 1.00000000e+00 3.39666456e+20
  1.15444159e+19]
 [2.70000000e+01 2.80000000e+01 1.00000000e+00 3.24846977e+20
  7.88244660e+18]
 [2.80000000e+01 2.90000000e+01 1.00000000e+00 3.10973993e+20
  6.76969491e+18]
 [2.90000000e+01 3.00000000e+01 1.00000000e+00 3.01752034e+20
  1.12606774e+19]
 [3.00000000e+01 3.10000000e+01 1.00000000e+00 2.89151956e+20
  7.07470642e+18]
 [3.10000000e+01 3.20000000e+01 1.00000000e+00 2.79698588e+20
  6.68448900e+18]
 [3.20000000e+01 3.30000000e+01 1.00000000e+00 2.65722183e+20
  1.04673050e+19]
 [3.30000000e+01 3.40000000e+01 1.00000000e+00 2.63801576e+20
  1.62278145e+19]
 [3.40000000e+01 3.50000000e+01 1.00000000e+00 2.47830242e+20
  7.64522264e+18]
 [3.50000000e+01 3.60000000e+01 1.00000000e+00 2.38097008e+20
  5.86619177e+18]
 [3.60000000e+01 3.70000000e+01 1.00000000e+00 2.29024245e+20
  7.03681354e+18]
 [3.70000000e+01 3.80000000e+01 1.00000000e+00 2.21237021e+20
  1.04670907e+19]
 [3.80000000e+01 3.90000000e+01 1.00000000e+00 2.18009526e+20
  1.22167068e+19]
 [3.90000000e+01 4.00000000e+01 1.00000000e+00 2.04591154e+20
  5.83279469e+18]
 [4.00000000e+01 4.10000000e+01 1.00000000e+00 1.98707870e+20
  4.33027304e+18]
 [4.10000000e+01 4.20000000e+01 1.00000000e+00 1.94371678e+20
  5.87370314e+18]
 [4.20000000e+01 4.30000000e+01 1.00000000e+00 1.88299262e+20
  5.28515729e+18]
 [4.30000000e+01 4.40000000e+01 1.00000000e+00 1.84207448e+20
  5.07148787e+18]
 [4.40000000e+01 4.50000000e+01 1.00000000e+00 1.79288100e+20
  5.11586574e+18]
 [4.50000000e+01 4.60000000e+01 1.00000000e+00 1.75367034e+20
  6.81746933e+18]
 [4.60000000e+01 4.70000000e+01 1.00000000e+00 1.69211552e+20
  6.17415658e+18]
 [4.70000000e+01 4.80000000e+01 1.00000000e+00 1.63133297e+20
  5.35965332e+18]
 [4.80000000e+01 4.90000000e+01 1.00000000e+00 1.58035724e+20
  7.24443306e+18]
 [4.90000000e+01 5.00000000e+01 1.00000000e+00 1.53833637e+20
  7.09486885e+18]
 [5.00000000e+01 5.10000000e+01 1.00000000e+00 1.48411437e+20
  4.86329457e+18]]
[[0.00000000e+00 1.00000000e+00 1.00000000e+00 2.44233685e+22
  4.68388770e+20]
 [1.00000000e+00 2.00000000e+00 1.11324977e-20 1.69731820e+22
  3.01215653e+20]
 [2.00000000e+00 3.00000000e+00 1.00000000e+00 9.84877553e+21
  2.75724697e+20]
 [3.00000000e+00 4.00000000e+00 1.00000000e+00 8.03628766e+21
  3.53826668e+20]
 [4.00000000e+00 5.00000000e+00 1.00000000e+00 6.21721292e+21
  1.39184512e+20]
 [5.00000000e+00 6.00000000e+00 1.00000000e+00 5.34904338e+21
  9.85755666e+19]
 [6.00000000e+00 7.00000000e+00 1.00000000e+00 4.56359583e+21
  1.09890693e+20]
 [7.00000000e+00 8.00000000e+00 1.00000000e+00 3.72864091e+21
  1.22217572e+20]
 [8.00000000e+00 9.00000000e+00 1.00000000e+00 3.38956271e+21
  1.89149372e+20]
 [9.00000000e+00 1.00000000e+01 1.00000000e+00 2.85792366e+21
  5.90753466e+19]
 [1.00000000e+01 1.10000000e+01 1.00000000e+00 2.62831141e+21
  5.44166544e+19]
 [1.10000000e+01 1.20000000e+01 1.00000000e+00 2.24627535e+21
  6.30316980e+19]
 [1.20000000e+01 1.30000000e+01 1.00000000e+00 1.90650984e+21
  6.94672047e+19]
 [1.30000000e+01 1.40000000e+01 1.00000000e+00 1.79539174e+21
  1.07190588e+20]
 [1.40000000e+01 1.50000000e+01 1.00000000e+00 1.60737219e+21
  3.43238507e+19]
 [1.50000000e+01 1.60000000e+01 1.00000000e+00 1.52486834e+21
  3.12170771e+19]
 [1.60000000e+01 1.70000000e+01 1.00000000e+00 1.36491331e+21
  3.84375981e+19]
 [1.70000000e+01 1.80000000e+01 1.00000000e+00 1.25011948e+21
  5.35535099e+19]
 [1.80000000e+01 1.90000000e+01 1.00000000e+00 1.13704449e+21
  3.63115247e+19]
 [1.90000000e+01 2.00000000e+01 1.00000000e+00 1.08758816e+21
  2.42660805e+19]
 [2.00000000e+01 2.10000000e+01 1.00000000e+00 1.01593401e+21
  3.19788131e+19]
 [2.10000000e+01 2.20000000e+01 1.00000000e+00 9.60916482e+20
  2.59230899e+19]
 [2.20000000e+01 2.30000000e+01 1.00000000e+00 9.04088517e+20
  2.53729059e+19]
 [2.30000000e+01 2.40000000e+01 1.00000000e+00 8.65961396e+20
  3.76554514e+19]
 [2.40000000e+01 2.50000000e+01 1.00000000e+00 8.18987043e+20
  1.93401287e+19]
 [2.50000000e+01 2.60000000e+01 1.00000000e+00 7.86134694e+20
  2.17591477e+19]
 [2.60000000e+01 2.70000000e+01 1.00000000e+00 7.49438825e+20
  1.86092403e+19]
 [2.70000000e+01 2.80000000e+01 1.00000000e+00 6.89152969e+20
  2.80510581e+19]
 [2.80000000e+01 3.00000000e+01 1.47116058e-01 6.70347046e+20
  2.09639732e+19]
 [2.90000000e+01 3.10000000e+01 1.00000000e+00 6.50300193e+20
  3.08793787e+19]
 [3.00000000e+01 3.20000000e+01 1.00000000e+00 6.24561840e+20
  1.53392892e+19]
 [3.10000000e+01 3.30000000e+01 1.00000000e+00 6.19604512e+20
  1.97759408e+19]
 [3.20000000e+01 3.40000000e+01 1.00000000e+00 5.98716464e+20
  1.40229591e+19]
 [3.30000000e+01 3.50000000e+01 1.00000000e+00 5.70566843e+20
  1.60584523e+19]
 [3.40000000e+01 3.60000000e+01 1.00000000e+00 5.61386273e+20
  2.09247496e+19]
 [3.50000000e+01 3.70000000e+01 1.00000000e+00 5.38196468e+20
  1.19322152e+19]
 [3.60000000e+01 3.80000000e+01 1.00000000e+00 5.25604591e+20
  1.37161142e+19]
 [3.70000000e+01 3.90000000e+01 1.00000000e+00 5.17105940e+20
  1.41606667e+19]
 [3.80000000e+01 4.00000000e+01 1.00000000e+00 5.05677884e+20
  1.16764925e+19]
 [3.90000000e+01 4.10000000e+01 1.00000000e+00 5.04101044e+20
  1.68771911e+19]
 [4.00000000e+01 4.20000000e+01 1.00000000e+00 4.87791003e+20
  1.02371904e+19]
 [4.10000000e+01 4.30000000e+01 1.00000000e+00 4.79049514e+20
  1.49799200e+19]
 [4.20000000e+01 4.40000000e+01 1.00000000e+00 4.66182764e+20
  8.86207603e+18]
 [4.30000000e+01 4.50000000e+01 1.00000000e+00 4.59547107e+20
  9.93035766e+18]
 [4.40000000e+01 4.60000000e+01 1.00000000e+00 4.56408149e+20
  1.25808344e+19]
 [4.50000000e+01 4.70000000e+01 1.00000000e+00 4.47409117e+20
  9.57369514e+18]
 [4.60000000e+01 4.80000000e+01 1.00000000e+00 4.34710362e+20
  1.08543497e+19]
 [4.70000000e+01 4.90000000e+01 1.00000000e+00 4.32241865e+20
  1.26048278e+19]
 [4.80000000e+01 5.00000000e+01 1.00000000e+00 4.22635396e+20
  8.91326265e+18]
 [4.90000000e+01 5.10000000e+01 1.00000000e+00 4.13564698e+20
  7.61104142e+18]
 [5.00000000e+01 5.20000000e+01 1.00000000e+00 4.12768555e+20
  1.19858412e+19]]
