[[0.00000000e+00 1.00000000e+00 1.00000000e+00 6.71227754e+08
  3.07232371e+07]
 [1.00000000e+00 2.00000000e+00 7.11108650e-08 5.33633310e+08
  2.40405464e+07]
 [2.00000000e+00 3.00000000e+00 1.00000000e+00 1.50226957e+08
  9.54504819e+06]
 [3.00000000e+00 4.00000000e+00 1.00000000e+00 4.67360182e+07
  4.83294202e+06]
 [4.00000000e+00 5.00000000e+00 1.00000000e+00 4.01511702e+07
  6.84762064e+06]
 [5.00000000e+00 6.00000000e+00 1.00000000e+00 2.94777187e+07
  2.15051880e+06]
 [6.00000000e+00 7.00000000e+00 1.00000000e+00 2.57519636e+07
  1.63561286e+06]
 [7.00000000e+00 8.00000000e+00 1.00000000e+00 2.09509002e+07
  1.69881675e+06]
 [8.00000000e+00 9.00000000e+00 1.00000000e+00 1.69036434e+07
  1.51720788e+06]
 [9.00000000e+00 1.00000000e+01 1.00000000e+00 1.61115633e+07
  2.50962317e+06]
 [1.00000000e+01 1.10000000e+01 1.00000000e+00 1.42334858e+07
  8.96989554e+05]
 [1.10000000e+01 1.20000000e+01 1.00000000e+00 1.34403847e+07
  7.62126099e+05]
 [1.20000000e+01 1.30000000e+01 1.00000000e+00 1.20154726e+07
  9.49817944e+05]
 [1.30000000e+01 1.40000000e+01 1.00000000e+00 1.09681835e+07
  9.34406800e+05]
 [1.40000000e+01 1.50000000e+01 1.00000000e+00 1.05502402e+07
  1.19478706e+06]
 [1.50000000e+01 1.60000000e+01 1.00000000e+00 1.00424616e+07
  4.30239819e+05]
 [1.60000000e+01 1.70000000e+01 1.00000000e+00 9.82008667e+06
  4.46420639e+05]
 [1.70000000e+01 1.80000000e+01 1.00000000e+00 9.40049061e+06
  6.20678216e+05]
 [1.80000000e+01 1.90000000e+01 1.00000000e+00 8.95861403e+06
  7.25982208e+05]
 [1.90000000e+01 2.00000000e+01 1.00000000e+00 8.58676080e+06
  9.08059360e+05]
 [2.00000000e+01 2.10000000e+01 1.00000000e+00 8.18281109e+06
  3.80511306e+05]
 [2.10000000e+01 2.20000000e+01 1.00000000e+00 7.97902367e+06
  4.89112144e+05]
 [2.20000000e+01 2.30000000e+01 1.00000000e+00 7.63735846e+06
  5.23991702e+05]
 [2.30000000e+01 2.40000000e+01 1.00000000e+00 7.47177756e+06
  1.00664275e+06]
 [2.40000000e+01 2.50000000e+01 1.00000000e+00 7.04354612e+06
  3.17090148e+05]
 [2.50000000e+01 2.60000000e+01 1.00000000e+00 6.90625527e+06
  3.03823739e+05]
 [2.60000000e+01 2.70000000e+01 1.00000000e+00 6.71708928e+06
  3.48500960e+05]
 [2.70000000e+01 2.90000000e+01 4.08714736e-01 6.63013616e+06
  3.90597294e+05]
 [2.80000000e+01 3.00000000e+01 1.00000000e+00 6.41838001e+06
  2.73141931e+05]
 [2.90000000e+01 3.10000000e+01 1.00000000e+00 6.24891576e+06
  2.97479976e+05]
 [3.00000000e+01 3.30000000e+01 1.12381109e-01 6.20559099e+06
  2.43574632e+05]
 [3.10000000e+01 3.40000000e+01 1.00000000e+00 6.15066028e+06
  3.98090566e+05]
 [3.20000000e+01 3.50000000e+01 1.00000000e+00 6.04723942e+06
  2.83711469e+05]
 [3.30000000e+01 3.60000000e+01 1.00000000e+00 6.03012097e+06
  3.45391049e+05]
 [3.40000000e+01 3.70000000e+01 1.00000000e+00 5.94877361e+06
  2.16700565e+05]
 [3.50000000e+01 3.80000000e+01 1.00000000e+00 5.92629001e+06
  4.09717757e+05]
 [3.60000000e+01 3.90000000e+01 1.00000000e+00 5.82581521e+06
  2.92915916e+05]
 [3.70000000e+01 4.00000000e+01 1.00000000e+00 5.79866928e+06
  4.73756201e+05]
 [3.80000000e+01 4.10000000e+01 1.00000000e+00 5.65237467e+06
  2.40038341e+05]
 [3.90000000e+01 4.20000000e+01 1.00000000e+00 5.61499717e+06
  3.76140965e+05]
 [4.00000000e+01 4.30000000e+01 1.00000000e+00 5.51352773e+06
  2.82066875e+05]
 [4.10000000e+01 4.40000000e+01 1.00000000e+00 5.44712428e+06
  3.47844202e+05]
 [4.20000000e+01 4.50000000e+01 1.00000000e+00 5.35709421e+06
  2.69185696e+05]
 [4.30000000e+01 4.60000000e+01 1.00000000e+00 5.30001948e+06
  2.22887318e+05]
 [4.40000000e+01 4.70000000e+01 1.00000000e+00 5.26109133e+06
  3.43445386e+05]
 [4.50000000e+01 4.90000000e+01 6.01579401e-02 5.23554315e+06
  2.96577729e+05]
 [4.60000000e+01 5.10000000e+01 1.35879616e-01 5.20157775e+06
  2.42356810e+05]
 [4.70000000e+01 5.30000000e+01 1.47772123e-01 5.17555395e+06
  2.09985541e+05]
 [4.80000000e+01 5.50000000e+01 2.39179023e-01 5.15091410e+06
  1.92894661e+05]
 [4.90000000e+01 5.60000000e+01 1.00000000e+00 5.13454780e+06
  2.50681275e+05]
 [5.00000000e+01 5.70000000e+01 1.00000000e+00 5.07778586e+06
  1.97213210e+05]]
[[0.00000000e+00 1.00000000e+00 1.00000000e+00 9.39433543e+08
  5.67437450e+07]
 [1.00000000e+00 2.00000000e+00 2.91762904e-08 7.68838125e+08
  4.70750524e+07]
 [2.00000000e+00 3.00000000e+00 1.00000000e+00 2.37203064e+08
  2.34585874e+07]
 [3.00000000e+00 5.00000000e+00 3.50390941e-01 1.81138862e+08
  1.34915976e+07]
 [4.00000000e+00 6.00000000e+00 1.00000000e+00 1.48794390e+08
  1.21662159e+07]
 [5.00000000e+00 7.00000000e+00 1.00000000e+00 1.06390674e+08
  1.52674212e+07]
 [6.00000000e+00 8.00000000e+00 1.00000000e+00 9.22820529e+07
  1.54313399e+07]
 [7.00000000e+00 9.00000000e+00 1.00000000e+00 7.74431239e+07
  5.80525074e+06]
 [8.00000000e+00 1.00000000e+01 1.00000000e+00 7.16394672e+07
  4.21692807e+06]
 [9.00000000e+00 1.10000000e+01 1.00000000e+00 6.40049687e+07
  4.86835689e+06]
 [1.00000000e+01 1.20000000e+01 1.00000000e+00 5.68410945e+07
  5.02852814e+06]
 [1.10000000e+01 1.30000000e+01 1.00000000e+00 5.49708808e+07
  9.39350427e+06]
 [1.20000000e+01 1.40000000e+01 1.00000000e+00 4.78233540e+07
  2.77820025e+06]
 [1.30000000e+01 1.50000000e+01 1.00000000e+00 4.61329390e+07
  2.60052072e+06]
 [1.40000000e+01 1.60000000e+01 1.00000000e+00 4.27274428e+07
  3.03234261e+06]
 [1.50000000e+01 1.80000000e+01 2.81094558e-01 4.15177685e+07
  3.06718370e+06]
 [1.60000000e+01 1.90000000e+01 1.00000000e+00 3.88728217e+07
  2.63243187e+06]
 [1.70000000e+01 2.00000000e+01 1.00000000e+00 3.55713993e+07
  2.46273852e+06]
 [1.80000000e+01 2.20000000e+01 1.69202152e-01 3.45259848e+07
  1.60325629e+06]
 [1.90000000e+01 2.30000000e+01 1.00000000e+00 3.31890294e+07
  2.22317848e+06]
 [2.00000000e+01 2.40000000e+01 1.00000000e+00 3.20852314e+07
  1.77965180e+06]
 [2.10000000e+01 2.50000000e+01 1.00000000e+00 3.10769971e+07
  2.77092459e+06]
 [2.20000000e+01 2.60000000e+01 1.00000000e+00 3.01132473e+07
  1.68164038e+06]
 [2.30000000e+01 2.70000000e+01 1.00000000e+00 2.95316620e+07
  1.57089702e+06]
 [2.40000000e+01 2.80000000e+01 1.00000000e+00 2.83169018e+07
  1.60779854e+06]
 [2.50000000e+01 3.00000000e+01 4.04017284e-01 2.79378870e+07
  1.79606828e+06]
 [2.60000000e+01 3.10000000e+01 1.00000000e+00 2.69795260e+07
  1.25843095e+06]
 [2.70000000e+01 3.20000000e+01 1.00000000e+00 2.63801011e+07
  1.58040019e+06]
 [2.80000000e+01 3.30000000e+01 1.00000000e+00 2.58680428e+07
  1.27725915e+06]
 [2.90000000e+01 3.40000000e+01 1.00000000e+00 2.54773400e+07
  9.78652667e+05]
 [3.00000000e+01 3.50000000e+01 1.00000000e+00 2.50459600e+07
  1.09286343e+06]
 [3.10000000e+01 3.70000000e+01 2.03004794e-01 2.48202593e+07
  8.97541929e+05]
 [3.20000000e+01 3.80000000e+01 1.00000000e+00 2.43772512e+07
  1.19679269e+06]
 [3.30000000e+01 3.90000000e+01 1.00000000e+00 2.38906644e+07
  9.73273205e+05]
 [3.40000000e+01 4.10000000e+01 2.38463908e-01 2.35845835e+07
  7.79883851e+05]
 [3.50000000e+01 4.20000000e+01 1.00000000e+00 2.31716281e+07
  9.07741907e+05]
 [3.60000000e+01 4.40000000e+01 1.21449145e-01 2.30889541e+07
  8.11140285e+05]
 [3.70000000e+01 4.50000000e+01 1.00000000e+00 2.28271383e+07
  9.83989987e+05]
 [3.80000000e+01 4.60000000e+01 1.00000000e+00 2.25578516e+07
  8.69671837e+05]
 [3.90000000e+01 4.80000000e+01 5.26759491e-02 2.25050269e+07
  8.02586621e+05]
 [4.00000000e+01 4.90000000e+01 1.00000000e+00 2.22567836e+07
  8.19334752e+05]
 [4.10000000e+01 5.00000000e+01 1.00000000e+00 2.20620531e+07
  7.21399940e+05]
 [4.20000000e+01 5.20000000e+01 1.47901577e-01 2.19436492e+07
  6.60917991e+05]
 [4.30000000e+01 5.30000000e+01 1.00000000e+00 2.16123269e+07
  7.43479468e+05]
 [4.40000000e+01 5.50000000e+01 8.19409225e-02 2.15800654e+07
  7.18610379e+05]
 [4.50000000e+01 5.60000000e+01 1.00000000e+00 2.14145329e+07
  1.05633274e+06]
 [4.60000000e+01 5.70000000e+01 1.00000000e+00 2.11511677e+07
  8.66221788e+05]
 [4.70000000e+01 5.90000000e+01 8.27746320e-02 2.10827589e+07
  7.85038654e+05]
 [4.80000000e+01 6.00000000e+01 1.00000000e+00 2.08052128e+07
  8.07231296e+05]
 [4.90000000e+01 6.10000000e+01 1.00000000e+00 2.05892353e+07
  5.49363550e+05]
 [5.00000000e+01 6.20000000e+01 1.00000000e+00 2.04195932e+07
  9.74526643e+05]]
