[[0.00000000e+00 1.00000000e+00 1.00000000e+00 3.46357537e+22
  4.26833987e+20]
 [1.00000000e+00 2.00000000e+00 1.90110741e-20 2.21098697e+22
  2.77546461e+20]
 [2.00000000e+00 3.00000000e+00 1.00000000e+00 7.65616899e+21
  1.46449749e+20]
 [3.00000000e+00 4.00000000e+00 1.00000000e+00 4.19600763e+21
  1.12701830e+20]
 [4.00000000e+00 5.00000000e+00 1.00000000e+00 2.88886189e+21
  9.27153732e+19]
 [5.00000000e+00 6.00000000e+00 1.00000000e+00 2.23466129e+21
  5.03412450e+19]
 [6.00000000e+00 7.00000000e+00 1.00000000e+00 1.82490364e+21
  3.95618001e+19]
 [7.00000000e+00 8.00000000e+00 1.00000000e+00 1.54979429e+21
  4.37880549e+19]
 [8.00000000e+00 9.00000000e+00 1.00000000e+00 1.26956168e+21
  3.51998493e+19]
 [9.00000000e+00 1.00000000e+01 1.00000000e+00 1.07684846e+21
  2.83409561e+19]
 [1.00000000e+01 1.10000000e+01 1.00000000e+00 9.36773760e+20
  2.77032393e+19]
 [1.10000000e+01 1.20000000e+01 1.00000000e+00 8.33319563e+20
  2.28651465e+19]
 [1.20000000e+01 1.30000000e+01 1.00000000e+00 7.43522823e+20
  1.79681481e+19]
 [1.30000000e+01 1.40000000e+01 1.00000000e+00 6.83492078e+20
  2.40529336e+19]
 [1.40000000e+01 1.50000000e+01 1.00000000e+00 6.33406195e+20
  1.80291563e+19]
 [1.50000000e+01 1.60000000e+01 1.00000000e+00 5.96866186e+20
  1.42086110e+19]
 [1.60000000e+01 1.70000000e+01 1.00000000e+00 5.49886652e+20
  1.38494746e+19]
 [1.70000000e+01 1.80000000e+01 1.00000000e+00 5.32467385e+20
  2.85441183e+19]
 [1.80000000e+01 1.90000000e+01 1.00000000e+00 4.88696923e+20
  1.16289305e+19]
 [1.90000000e+01 2.00000000e+01 1.00000000e+00 4.68544563e+20
  9.10233363e+18]
 [2.00000000e+01 2.10000000e+01 1.00000000e+00 4.49500888e+20
  1.00111384e+19]
 [2.10000000e+01 2.20000000e+01 1.00000000e+00 4.22794173e+20
  1.57418078e+19]
 [2.20000000e+01 2.30000000e+01 1.00000000e+00 4.02019372e+20
  1.54763751e+19]
 [2.30000000e+01 2.40000000e+01 1.00000000e+00 3.80263170e+20
  8.69025195e+18]
 [2.40000000e+01 2.50000000e+01 1.00000000e+00 3.57742659e+20
  8.70696633e+18]
 [2.50000000e+01 2.60000000e+01 1.00000000e+00 3.42109571e+20
  9.20281237e+18]
 [2.60000000e+01 2.70000000e+01 1.00000000e+00 3.28917684e+20
  1.41633410e+19]
 [2.70000000e+01 2.80000000e+01 1.00000000e+00 3.13414222e+20
  7.22094392e+18]
 [2.80000000e+01 2.90000000e+01 1.00000000e+00 3.04813341e+20
  7.11991440e+18]
 [2.90000000e+01 3.00000000e+01 1.00000000e+00 2.91728924e+20
  7.84880191e+18]
 [3.00000000e+01 3.10000000e+01 1.00000000e+00 2.89850147e+20
  2.02225948e+19]
 [3.10000000e+01 3.20000000e+01 1.00000000e+00 2.72660495e+20
  6.81402204e+18]
 [3.20000000e+01 3.30000000e+01 1.00000000e+00 2.66835057e+20
  4.97409678e+18]
 [3.30000000e+01 3.40000000e+01 1.00000000e+00 2.59898607e+20
  5.89140844e+18]
 [3.40000000e+01 3.50000000e+01 1.00000000e+00 2.50339789e+20
  7.97543141e+18]
 [3.50000000e+01 3.60000000e+01 1.00000000e+00 2.43290185e+20
  1.13147108e+19]
 [3.60000000e+01 3.70000000e+01 1.00000000e+00 2.32431758e+20
  5.97464122e+18]
 [3.70000000e+01 3.80000000e+01 1.00000000e+00 2.22346736e+20
  7.30673731e+18]
 [3.80000000e+01 3.90000000e+01 1.00000000e+00 2.13522234e+20
  8.04368918e+18]
 [3.90000000e+01 4.00000000e+01 1.00000000e+00 2.11390939e+20
  1.57098015e+19]
 [4.00000000e+01 4.10000000e+01 1.00000000e+00 1.97920589e+20
  6.22080681e+18]
 [4.10000000e+01 4.20000000e+01 1.00000000e+00 1.91601397e+20
  5.60717410e+18]
 [4.20000000e+01 4.30000000e+01 1.00000000e+00 1.85159933e+20
  5.67036278e+18]
 [4.30000000e+01 4.40000000e+01 1.00000000e+00 1.78310230e+20
  1.07318599e+19]
 [4.40000000e+01 4.50000000e+01 1.00000000e+00 1.72757790e+20
  6.00104129e+18]
 [4.50000000e+01 4.60000000e+01 1.00000000e+00 1.68775949e+20
  4.41624694e+18]
 [4.60000000e+01 4.70000000e+01 1.00000000e+00 1.64647163e+20
  5.01088375e+18]
 [4.70000000e+01 4.90000000e+01 2.23598691e-01 1.63404774e+20
  4.49557840e+18]
 [4.80000000e+01 5.00000000e+01 1.00000000e+00 1.60869532e+20
  5.86279278e+18]
 [4.90000000e+01 5.10000000e+01 1.00000000e+00 1.57599182e+20
  5.90767805e+18]
 [5.00000000e+01 5.30000000e+01 7.46390625e-02 1.56687969e+20
  5.42113716e+18]]
[[0.00000000e+00 1.00000000e+00 1.00000000e+00 2.82189894e+22
  4.67290332e+20]
 [1.00000000e+00 2.00000000e+00 1.29231345e-20 1.92315996e+22
  3.15503406e+20]
 [2.00000000e+00 3.00000000e+00 1.00000000e+00 1.23305415e+22
  2.78167145e+20]
 [3.00000000e+00 4.00000000e+00 1.00000000e+00 9.33957638e+21
  2.88769897e+20]
 [4.00000000e+00 5.00000000e+00 1.00000000e+00 7.02302905e+21
  1.63272071e+20]
 [5.00000000e+00 6.00000000e+00 1.00000000e+00 5.48126811e+21
  1.31259105e+20]
 [6.00000000e+00 7.00000000e+00 1.00000000e+00 4.67387620e+21
  1.36402345e+20]
 [7.00000000e+00 8.00000000e+00 1.00000000e+00 3.86452150e+21
  9.96527665e+19]
 [8.00000000e+00 9.00000000e+00 1.00000000e+00 3.27006510e+21
  8.96468555e+19]
 [9.00000000e+00 1.00000000e+01 1.00000000e+00 2.85968828e+21
  1.10740413e+20]
 [1.00000000e+01 1.10000000e+01 1.00000000e+00 2.51203467e+21
  6.88627598e+19]
 [1.10000000e+01 1.20000000e+01 1.00000000e+00 2.22696274e+21
  5.91429338e+19]
 [1.20000000e+01 1.30000000e+01 1.00000000e+00 1.99053338e+21
  7.05823891e+19]
 [1.30000000e+01 1.40000000e+01 1.00000000e+00 1.83095783e+21
  9.02861236e+19]
 [1.40000000e+01 1.50000000e+01 1.00000000e+00 1.63613922e+21
  4.47508835e+19]
 [1.50000000e+01 1.60000000e+01 1.00000000e+00 1.51655867e+21
  3.90261248e+19]
 [1.60000000e+01 1.70000000e+01 1.00000000e+00 1.39884206e+21
  3.87829885e+19]
 [1.70000000e+01 1.80000000e+01 1.00000000e+00 1.32703408e+21
  9.14624395e+19]
 [1.80000000e+01 1.90000000e+01 1.00000000e+00 1.17659977e+21
  3.20204083e+19]
 [1.90000000e+01 2.00000000e+01 1.00000000e+00 1.12372514e+21
  2.76636745e+19]
 [2.00000000e+01 2.10000000e+01 1.00000000e+00 1.04386181e+21
  2.86394810e+19]
 [2.10000000e+01 2.20000000e+01 1.00000000e+00 1.00332609e+21
  6.71695682e+19]
 [2.20000000e+01 2.30000000e+01 1.00000000e+00 9.19089144e+20
  2.61503286e+19]
 [2.30000000e+01 2.40000000e+01 1.00000000e+00 8.80569308e+20
  2.11419916e+19]
 [2.40000000e+01 2.50000000e+01 1.00000000e+00 8.41941743e+20
  2.29189823e+19]
 [2.50000000e+01 2.60000000e+01 1.00000000e+00 8.14490698e+20
  4.76342496e+19]
 [2.60000000e+01 2.70000000e+01 1.00000000e+00 7.68652202e+20
  2.11774086e+19]
 [2.70000000e+01 2.80000000e+01 1.00000000e+00 7.41926536e+20
  1.92886123e+19]
 [2.80000000e+01 2.90000000e+01 1.00000000e+00 7.12380402e+20
  2.08434198e+19]
 [2.90000000e+01 3.00000000e+01 1.00000000e+00 6.91201333e+20
  4.15010957e+19]
 [3.00000000e+01 3.10000000e+01 1.00000000e+00 6.60888496e+20
  1.80164934e+19]
 [3.10000000e+01 3.20000000e+01 1.00000000e+00 6.44022697e+20
  1.58600926e+19]
 [3.20000000e+01 3.30000000e+01 1.00000000e+00 6.23000440e+20
  1.69044709e+19]
 [3.30000000e+01 3.40000000e+01 1.00000000e+00 6.11287745e+20
  3.80174018e+19]
 [3.40000000e+01 3.50000000e+01 1.00000000e+00 5.86388658e+20
  1.62399056e+19]
 [3.50000000e+01 3.60000000e+01 1.00000000e+00 5.74074949e+20
  1.28788523e+19]
 [3.60000000e+01 3.70000000e+01 1.00000000e+00 5.62770365e+20
  1.43078082e+19]
 [3.70000000e+01 3.80000000e+01 1.00000000e+00 5.46146808e+20
  1.91417549e+19]
 [3.80000000e+01 3.90000000e+01 1.00000000e+00 5.42791562e+20
  2.74391816e+19]
 [3.90000000e+01 4.00000000e+01 1.00000000e+00 5.25043521e+20
  1.25164889e+19]
 [4.00000000e+01 4.10000000e+01 1.00000000e+00 5.14474661e+20
  1.22983871e+19]
 [4.10000000e+01 4.20000000e+01 1.00000000e+00 5.05072862e+20
  1.34601724e+19]
 [4.20000000e+01 4.30000000e+01 1.00000000e+00 5.02102972e+20
  2.53413736e+19]
 [4.30000000e+01 4.40000000e+01 1.00000000e+00 4.88270601e+20
  1.13640661e+19]
 [4.40000000e+01 4.50000000e+01 1.00000000e+00 4.80611979e+20
  1.08870715e+19]
 [4.50000000e+01 4.60000000e+01 1.00000000e+00 4.73620350e+20
  1.12997526e+19]
 [4.60000000e+01 4.70000000e+01 1.00000000e+00 4.70277434e+20
  2.68620832e+19]
 [4.70000000e+01 4.80000000e+01 1.00000000e+00 4.59319238e+20
  1.05421764e+19]
 [4.80000000e+01 4.90000000e+01 1.00000000e+00 4.53861343e+20
  9.38024372e+18]
 [4.90000000e+01 5.00000000e+01 1.00000000e+00 4.46834661e+20
  9.82434979e+18]
 [5.00000000e+01 5.10000000e+01 1.00000000e+00 4.45213205e+20
  2.40884993e+19]]
